144059
162921
231551
306859
527716
683657
807783
894584
390193
134879
149026
162584
173943
188685
200073
216328
226759
240403
252970
265467
271244
281780
296490
307162
322153
332327
347192
357995
373113
383271
397971
407764
467737
493181
491423
503563
516556
529977
541417
554818
567415
580504
593311
605093
617581
629530
643600
729205
882429
1007285
1270234
1062421
1141080
1192465
1168151
1218945
1164118
1208912
1271867
1331481
1365160
1307550
1385627
1389931
1415266
1432989
1405220
1865094
1654165
2177633
1865723
960571
973677
985235
998710
1011122
1192719
1037028
1050496
1063091
1075997
1087503
1100509
1113459
1493656
1564625
1985523
2404875
2393290
1721979
1657056
1439440
1423391
1437724
1452859
1466657
1481373
1526302
1304491
1470151
