23636
25842
29392
35606
42226
53358
65254
71236
82300
86482
100910
106042
122040
123276
134730
141922
157540
162294
176806
181124
194162
199876
207824
216506
226114
233508
247018
251038
263914
266598
282508
284746
297418
302570
320528
359722
332596
496344
352422
395324
369624
372708
382816
389970
401394
406376
420140
423830
438384
594892
797024
491634
516388
518642
519730
783374
918960
965946
981884
987570
1020484
1032572
1049748
1050612
1082914
1095490
1113976
1125318
1149692
1153334
1178932
1187370
1277304
1292908
1311352
1314886
1347758
1357912
1378292
1412308
1420944
1444536
1628776
1480358
1489182
1502844
1544086
1461008
1486936
1495508
1514256
1524726
1552682
1559950
1632774
1663924
1681946
1698882
1711726
1727180
